fx = 24.199999999999996
