gx = [-215.59999999999997, -87.99999999999999]
Hx = [1330.0 480.0; 480.0 200.0]
