x = [1.0000006499501406, 1.0000013043156974]
fx = 4.2438440239813445e-13
ngx = 9.984661274466946e-7
optimal = true
iter = 17962
